Groth16Receipt { 
	seal: [9, 109, 139, 231, 39, 228, 37, 99, 40, 137, 123, 196, 183, 205, 137, 50, 0, 242, 62, 35, 180, 103, 60, 70, 118, 151, 14, 103, 242, 112, 248, 96, 45, 132, 134, 1, 212, 1, 184, 176, 231, 12, 23, 190, 76, 66, 106, 92, 243, 206, 151, 24, 172, 245, 80, 102, 54, 102, 188, 88, 91, 250, 88, 52, 36, 96, 70, 164, 94, 62, 46, 132, 146, 80, 83, 92, 229, 56, 204, 48, 128, 114, 150, 4, 76, 122, 137, 23, 108, 244, 229, 29, 109, 87, 177, 216, 5, 23, 254, 192, 97, 29, 177, 180, 172, 95, 44, 166, 130, 57, 189, 76, 171, 233, 166, 142, 132, 100, 170, 122, 21, 174, 145, 140, 128, 190, 31, 117, 9, 215, 59, 46, 5, 132, 69, 12, 191, 128, 247, 199, 117, 182, 158, 126, 15, 154, 80, 45, 25, 81, 154, 4, 165, 173, 160, 252, 236, 79, 174, 197, 18, 219, 236, 82, 55, 203, 12, 191, 100, 215, 142, 201, 139, 218, 62, 103, 219, 22, 168, 40, 178, 19, 32, 105, 233, 50, 176, 101, 119, 22, 160, 42, 5, 179, 171, 126, 108, 40, 185, 197, 35, 41, 49, 15, 120, 118, 98, 128, 168, 214, 59, 109, 68, 212, 181, 168, 161, 224, 156, 11, 199, 106, 5, 163, 24, 108, 73, 37, 109, 3, 65, 116, 73, 215, 43, 197, 142, 36, 209, 97, 123, 11, 171, 52, 150, 46, 64, 238, 148, 174, 114, 200, 93, 96, 106, 23],
	claim: MaybePruned { 
		value: ReceiptClaim { 
			pre: MaybePruned { 
				value: SystemState { pc: 0x00343a00, merkle_root: Digest(7409eec45e9d12500c7db1a4a82b30e7dc3df517cb75d584a011a6494a5eb474) }, 
				digest: Digest(b8d08f84d65bc7aadd17445d52f12be026dce5b26587534860b8a7660e8741b4) },
			post: MaybePruned { 
				value: SystemState { pc: 0x00000000, merkle_root: Digest(0000000000000000000000000000000000000000000000000000000000000000) }, 
				digest: Digest(a3acc27117418996340b84e5a90f3ef4c49d22c79e44aad822ec9c313e1eb8e2) }, 
				exit_code: Halted(0), 
				input: MaybePruned { digest: Digest(0000000000000000000000000000000000000000000000000000000000000000) }, 
				output: MaybePruned { 
					value: Some(Output { 
						journal: MaybePruned { 
							value: [0, 0, 0, 0, 0, 0, 0, 0, 0, 0, 0, 0, 231, 241, 114, 94, 119, 52, 206, 40, 143, 131, 103, 225, 187, 20, 62, 144, 187, 63, 5, 18, 202, 208, 137, 155, 0, 0, 0, 0, 0, 0, 0, 0, 0, 0, 0, 0, 0, 0, 0, 0, 0, 0, 0, 0, 0, 0, 0, 0, 0, 0, 0, 0, 0, 0, 0, 0, 0, 0, 0, 0, 0, 0, 0, 0, 0, 0, 0, 0, 0, 0, 0, 0, 0, 0, 0, 0, 0, 0, 0, 0, 0, 0, 0, 2, 136, 31, 76, 65, 95, 25, 222, 187, 105, 203, 44, 232, 56, 83, 27, 98, 112, 248, 84, 100, 231, 188, 188, 184, 126, 187, 24, 82, 171, 204, 103, 57, 0, 0, 0, 0, 0, 0, 0, 0, 0, 0, 0, 0, 0, 0, 0, 0, 0, 0, 0, 0, 0, 0, 0, 0, 0, 0, 0, 0, 0, 0, 0, 3],
							digest: Digest(f66c47101bfbfb62963cc809d966135fc324a900df9025de131b45f30c302323) },
						assumptions: MaybePruned { value: Assumptions([]), digest: Digest(0000000000000000000000000000000000000000000000000000000000000000) } }),
					digest: Digest(aaf71966072591d676b1764f2fdd50d71f42eb42fed15524bc64c1bc0b0e2576) } },
		digest: Digest(13dfb5462bea884d68ecc166de8108e8ee21662650b6d885560e379fffa13efc) 
	}, 
	verifier_parameters: Digest(310fe598e8e3e92fa805bc272d7f587898bb8b68c4d5d7938db884abaa76e15c) 
}
